7601;15135
7604;15138
7605;15138
7605;15139
7605;15140
7605;15141
7605;15142
7610;15150
7610;15151
7610;15152
7610;15153
7612;15156
7612;15157
7613;15158
7621;15178
7621;15179
7630;15200
7630;15201
7631;15202
7632;12831
7632;12891
7632;15203
7632;15204
7632;15205
7632;15206
7632;15207
7633;15208
7633;15209
7633;15210
7637;4469
7638;15212
7638;15217
7638;15218
7652;15248
7652;15249
7653;15250
7655;15253
7655;15254
7658;4561
7658;15257
7660;4561
7660;15257
7663;15266
7664;15267
